2019100569
2019101446
2020104884
2018104117
2015103089
1999106125
2020100681
2020102562
2018102030
2016103423
2001103852
2019100777
2018102899
2012105664
2019105678
2010101394
2019105709
2011101925
1997107237
2018103483
2017103090
2004106027
2019106590
2019102986
2019104005
2020105133
1998105162
2019101015
2020104501
2019104097
1998101906
1999105734
2020100725
2009106681
2020105939
2019101794
2004106007
1998104273
2001107305
2018101951
2004110090
1995102844
2017102855
2020101008
2019103370
2018104086
2020104561
2020101569
2020103648
2020103979
1995100776
2020106623
2001105877
2019101708
1996103859
2020102571
2018103762
1997105935
2020102326
2014104623
2019106399
2020103329
2019110014
2019100755
2020101262
2019104872
2020101052
2020101570
2007105172
2020101343
2005107076
2020103538
2019101743
2020105729
1996101217
2019104080
2020103208
2018103206
1998102918
2019101266
2017103255
2020100039
2020106408
1998102652
2020100258
2007100006
1999106267
2018105257
1998106383
2020103255
2017105790
2020104491
2020104567
2011105769
1995100070
2018104971
2019105655
2019110056
2007100072
2018105796
2002106158
2018100658
2019100731
2013101165
2019105580
2019106031
2019105528
2009106769
2019103012
2020106062
2019105473
2001103949
2003101580
2019101618
2019105659
2018104014
2019101399
2013100185
2020101548
1997109382
2017106044
2004100354
2020103885
2019105258
2020106384
2020100716
2019100732
2019100624
2020106936
2020103441
2018105005
2009106787
2018100430
2019106954
2019100029
2019105404
1998104711
2003101941
2019105807
2019105059
2003103923
1998102377
2020105571
1998104486
2016102184
2019105475
2020103641
2020103590
2020103340
2020102702
2020103502
2019103132
2019106340
1999105708
1998104132
2017103822
2019102439
1994105035
2010101744
1998104154
2020100382
2020104564
2019106852
2018104908
2020102298
2001106542
2002103292
1995102448
2017100141
2018101134
2019104717
2019103556
2020105860
2020106146
2020104148
1997106459
2019101919
2020103565
2019103287
2019103318
2019103594
2000105448
2015100660
2019105559
2000106079
2019102826
2019100170
2018100577
2017100426
2003101334
2001103431
2019100275
2020104861
2011105409
2020102952
2020105456
2019104606
2018103805
2018103517
2014110059
2018103300
2015105691
2019105369
2020103969
2018105231
1998110168
2019104491
2020100635
2016105770
2004105745
2019105008
2020105809
1998104429
2019104259
2005102429
2020106063
2020103795
1999106193
1997104013
1997100171
2019106503
2014104409
2018105183
2019101883
2018101369
2020103609
2019104644
2019104569
2019100871
2020104020
2018106407
2018103851
2020110104
2020102831
1997100040
2003105297
1995108492
2018100953
2018105096
2018105638
2005103085
2019101639
2018106379
2018102586
2018105842
2020107146
2020103225
2004105752
2000106925
2019104682
2020105495
2019102761
2019100398
2018103204
2020110134
2019105649
2020106884
2019105541
2019105570
2001106807
2004106557
2020101182
1996105955
2020103199
1998105696
2020101143
1998104737
2017100641
1995103878
2019105533
1998101058
2018105282
2002105191
2017101853
2020103779
2020106022
2018100773
1997102451
2020102993
2018104762
2018103159
2010100266
2002105075
1996106912
1996103446
2006100456
2019107031
1997100530
2020100678
1994108794
1996100854
2019105265
2020103435
2019105450
2020103471
2019106105
2020103082
2019102559
2020106667
2019105203
2019102701
2020100498
2020103073
2020104739
2020105781
2019105029
2019101021
2018102579
1996100734
2017100752
2020103962
2019110013
2014104142
2019102044
2019103016
2020100960
2017100161
2019105457
2019105784
2020102499
1998101989
2019103555
2001101155
2019100113
2019106069
2020105185
2008104701
1997100748
2020102961
2019102147
1997107533
2020106479
2004103992
2019100455
2008101111
2019105776
2019105643
2018103063
2020100958
2000106430
2001103858
2019105073
2000104563
2018103904
2020103198
2019104776
2019100234
2020104519
2020105746
2019102661
2019105550
2020103099
2020104052
1994102448
2008105342
1994108287
2019104288
2019105191
2019105069
2019106678
2020102872
2020102078
2018100406
1999106660
2020103663
2019100249
2019105128
1998101409
2020103034
2019101276
2019101614
2018106443
2004106340
2019104903
2020110118
2020102903
1995105004
2018102566
1998105370
2000101151
1997101285
2020101025
2019102785
2020102377
2019101265
2019101896
2020103044
2019105507
2005106887
2015105398
2018104801
2018101198
1998107116
2020102932
1994101732
1999105015
2020100809
2003105347
1999104626
2018105184
2016100930
2019102292
2020101641
2014103016
2008100712
2009101944
2020106944
2020100818
2020104171
2020100702
1996109068
2020106820
2002105800
2017105122
2002102705
1996103048
2006103785
1997107319
2019105798
2020100572
1995104489
1996104258
2019106333
2019106565
2020100168
2020102639
2019104059
2020100233
2020105895
2018103120
2020106950
2020102896
2020103331
2020101572
2020105639
2020103495
2020102315
1995107119
2020100652
1997101444
1998106531
2018104260
1998103546
1996200004
2020100903
2020105136
2020103446
2019102491
2020103079
2003105780
2003100904
2020103228
2019100498
2019103718
2001104198
2020102161
2020102767
2020103219
2020106209
2020103593
2018100923
1999105066
2008102853
1997105438
2020103074
2020107199
2020106343
1998106870
1997106147
1998106659
1998100131
2017103328
2019109159
2017105643
2020105305
1996103072
2019104000
2018103266
2000200034
1998103329
1997107337
1998100030
1996101020
2020101717
2020102874
2019104169
2019102676
2019100690
1997102015
2006104111
2016103409
2020104306
2018104791
2019105493
2019100844
2019104528
2003106272
2020100979
2000101955
2015101899
2018105273
2020103747
2004100757
2019102654
2019100182
2017104674
2020100148
2007102927
2017101771
2020102988
1998107193
2019102341
2019101621
2008105352
2001105977
2020101694
2020103316
2020105365
2019100584
2020102135
1999105087
2019105218
2019105262
2020100056
2012101134
1999103883
1994108336
2009105498
1998102145
2020101756
2018102541
1995100833
2018101329
2019105080
2019102736
2020105206
2019105542
2020106386
2020101703
1998100986
2020104342
1998106387
2018105333
2020102731
2020109094
2020104476
2018106213
2003100726
1997100512
2004102465
2018103231
2003104259
2001107841
2020107073
2006100528
2019104928
1995106118
2019102460
2019100463
2019101253
2020106006
2020103696
2012105959
2001105083
2019101620
1999107566
1996102022
2019101193
2020101896
2003104510
1996105309
2000107313
2020103241
2020101212
2019106677
2019110083
2018104891
2019104548
2019105082
2018104880
2019106107
2020103651
2020101412
2020103605
2019103301
2020102563
1997104646
2006104917
2020106249
2020103929
2020106101
2020102963
2019106688
2018103007
1997106403
2019103158
2019106143
2020102688
2011101948
1996200034
2020104734
2019106877
2020103772
2020105627
2006105280
2020104132
2020106877
2020102938
2020105749
2019104100
2020110083
2020100500
1997101442
2020104164
2019106425
2020102737
1997103816
2014101921
2019101435
2006100899
2000102077
2003105771
1996105354
2019106935
2020106399
2019101031
2020106345
2019100929
2003190009
2019105172
2019100592
2019105379
2020103420
2020105298
2018100421
2019100197
2001103954
2018100520
2017104166
2020106024
2004101677
2019103561
2020100105
2019104175
1997200006
2019103814
2019106103
1997106185
2017101509
2018106228
2017100553
2000106705
2020104898
2020106706
1998101025
2019106139
2020100620
2018104857
1998200022
2018101626
2008103644
2019104746
2020104825
2002105375
2019104635
2012101997
1998106516
1998101098
2020107203
2020107030
2020104831
2000105961
1998103498
2000102062
1996102117
2019101448
2001104934
2005103507
2001107369
2018100188
1995102964
2000109509
2015100788
2019102208
2019106866
1996104079
2003107271
2018105370
2020101913
2019104426
2020100741
1999106324
2002103724
2019102009
2020106946
2019100577
2018105256
2018100675
2006106368
1998103510
2014103366
2001100634
2010103883
2019101533
2020100236
2019104638
2019105287
2020103928
1996103052
2014100801
2018104932
2020110140
2020102971
2020106221
2020105549
2020100406
2019110025
2019103813
2020103183
2017104215
2014105435
2019101051
2018103200
1995100439
2010100410
2004104824
2019106863
2015104402
2020106860
2020103655
2019105822
2020104843
2020103553
2020105583
2020103432
2020102188
2020104134
2016105014
2019102102
1999106212
1994105030
2019105248
2020103394
2020100173
2020110031
2020103429
2020102888
2017103493
2020101931
2019103513
2020104940
2019100288
2020102762
2020103705
2007106026
2020106795
2018100876
2004103902
2002101342
2005102937
2018102053
1995100409
1998107382
1996102001
2005102921
2004104054
2020104302
2019104995
1995105153
2001104786
2000107153
1997101709
2014104011
1998102174
1997101813
2001190008
2020103248
2020106637
2020103736
2019104568
2017110117
2020103731
2003101956
2016105508
2000103297
2020110073
2018106146
2003200024
2016100652
1998104665
2018105515
2018104828
2019103122
1996106089
2000107669
2000106181
1998105209
2014103890
1997105610
1995101389
2020103195
2020102680
2020105361
2019101100
2019105434
2018104348
2019105208
2020102537
2019106048
2020106746
2020106922
2020106381
2018104846
2002103419
2020101861
2020105949
1998102887
2001105945
2007101871
2020102468
2019106854
1997107069
2019109053
1996104425
2012101203
2019106148
2019100718
2002100582
2007101207
1996104421
1997104185
1999101100
2020102430
2020103036
2020102561
2018100822
2018102822
2020101950
2009103400
1997102969
2019100195
2020104238
2020101639
2018104596
2020104474
2019105187
2019106038
2020102331
2019101631
2020109148
2019107009
2019106334
1997101288
1997101613
2019104871
1995106947
2019106369
2000107056
1993101626
2018103430
2020106986
2019101878
1996102796
2000107162
2019100910
1995103079
2019105442
2019104882
2020103718
2019104738
2019100553
2017105874
2020103066
2019100321
2020102941
2005101408
1998101274
2020106458
2019105436
2003103195
2007100732
2000102175
1995102628
2020101959
2018103125
2020102636
2019106734
2000105287
2019110073
2020102231
1998105317
2018103386
2020101422
2019103592
1998103211
1996104267
2020102539
1996102369
2020106934
2020104198
2019104636
2020100202
1998106604
2018101299
1995103287
2019101615
2020104099
1998109040
2020101113
2020101402
2019105305
2006100447
2004104766
2019102438
2020105650
2006101460
1997106119
2020101354
2019101359
2020100305
2008105869
2020102093
2020104469
2020104636
1997106105
1994100638
2020104520
2020103453
2018102580
2020102926
2020100297
2006106552
2020106439
2020102273
2020105147
2006101340
2019106053
2008101309
2001106250
2020105277
2017102274
2019101037
2019105350
2018101662
1995107416
2013101047
2007103613
2020104304
2000107462
2020106680
1997101774
2019106707
2020102207
2008102472
2018104070
2020100656
2019103320
2019101910
1999105201
2020103530
2019103663
2019105384
2017101846
2018105291
1995105302
2019105043
2020102542
2020106518
2019104837
2020106873
2020103575
2020104745
2020106393
2020103027
2018105047
2019110067
2020102591
2019106510
2020103189
1994102768
2007106589
2013104114
2008102332
2014101674
2019102159
2020100472
2019102164
2019103780
2000102635
2007104686
1998103677
2020107036
2003105970
2007103507
1999100147
2001103505
2004100553
1999104989
2020101271
2020102329
2020102595
2001106821
2015104124
2020106156
2020103994
2020103052
2005106097
2018105575
2004109249
2019101612
2019103427
2020106309
2018101551
2020101123
2020103101
2019101107
2017106373
2020101653
2014103856
1998100291
2020107143
2020110145
2020105651
2019105521
2012101446
2020101763
2003105831
1996105396
2008105057
2020103247
1999101497
2020102294
1994106542
1998105242
2016105750
2003100047
2004102164
2002107372
1997100228
2000102726
1994102728
2020106777
2020105761
2005104482
1998102039
2018103529
2019105451
2019106147
1996103942
2020102299
2017110128
1999106411
1999101245
1999102993
2019105103
2018105564
2000106343
2019106118
2020105154
2020102195
2020106174
2020101967
2018100729
2000103757
2001107794
1998100395
2020103261
2019105051
2019104624
2020101088
2019100997
2019101471
2020103366
2020106051
2019104733
2020102976
2019100722
2008102555
2019103219
2020101938
2020105146
1998106829
2019103308
2019101203
2000106797
1996106690
1996109354
2018105337
2020106446
2003100235
2019100110
1995102886
2002106342
1997102948
2020101288
1995102576
2000106167
2018103513
2018101457
2020104124
2020105542
1994100790
2019105409
1996109526
2020102185
2019110086
2001107232
2019110045
2020100055
2019104542
2020105615
2018101455
1999102565
2003102238
2019110043
2004103656
2020104759
1995102904
2004106697
1997105897
2018103103
1999105486
2001101497
2003105257
2019103673
2019105341
2018103862
2019101814
2001106218
2020100941
1995104162
2020105327
2020104523
2019102303
2019103804
2020105757
2020105562
2020104295
1998104052
1997100715
1995101341
1997109506
2012100030
2020102724
2020106546
2018104263
2018102819
2018106145
2020101839
2018104028
2020106909
2020100160
2019101158
2019105759
2019100759
2000104413
2015100072
2010103657
1994106553
2020100189
2020105478
2020105950
2019110112
2019105857
2020101739
2020103474
2020100912
2020105018
2019106014
2020104973
2020105049
2020103127
2020103242
2020103402
2020100306
2019101454
1995106665
2018104578
1997109459
2003103825
2020104793
2020106779
2008103968
1996104744
2020102792
2000103145
2000100453
2010101196
2007103865
2001102762
1996103663
2020100042
2020104091
2019103790
1992107655
1995100656
2019102793
1998100973
1998101069
2019104958
2000100213
2018110021
2004104390
1999105366
2020101709
2018105433
2018104511
2019102215
2020102333
2020101535
2020101599
2020106816
2019100390
2020105144
2019103096
2020102881
2020110130
2020103577
2019104538
2019105365
2020110131
2019101032
2020102861
2020102973
2020107094
2020102909
2019103020
2014105213
1999101194
1997101462
2019102672
2019104385
2020100808
2014104013
2018105327
2019101675
2011101147
1999106359
1996103724
1999103264
2005101645
2020103303
1998104966
2020103360
1996102757
2020100143
2019101053
2020100850
2017103340
1996100742
2020100879
2019104571
2020101335
2019101079
2020101873
2020100639
2020106908
2020101284
2018105106
1997200026
1995106094
2016100288
2018106717
2019106149
2019106086
2010106199
2006104321
2019105087
2008104005
2020103448
2019105214
2020101139
2020102648
1998105953
2000102613
1998102514
2019103150
2019100207
2000102706
2020101034
2019106357
2020103267
2020110106
2020103187
2020103304
2020101918
2020105198
2020106928
2020110095
2020101853
2020101093
2020109086
2020110127
2020103688
2020103270
2020104135
2020102262
2020106782
2020106890
2020103268
2020102345
2020103693
2020103791
2020102669
2019105088
2019102775
2019106605
2020103735
2020102703
2020101579
2020103524
2020103697
2020103918
1996102191
2001100252
2019100620
2002103883
1999106179
2002109112
2019104947
1999103248
1995106211
2019105322
2019100152
2019102306
2001102776
1999100779
2001106945
1999104648
1999104145
2020102907
2020100948
2020103108
2018106326
2003104113
2009103220
2020101863
2017103142
2019106923
2019102553
2020103369
2020105648
2002105859
1999105607
1996101627
1999100446
2002104986
2020106918
1999102627
1998102406
2004102254
2020104348
1995106164
1999102736
1996104435
2007103756
2019100740
2016102562
2020104437
2020100443
1996106652
2009104789
2018100241
2000103052
2019106657
2003107237
2020110044
2019104211
2019106682
1996104286
2018105030
2000105843
2020105167
1995102116
2019103495
2019105466
2020101555
2019101860
2019103965
2020103045
1996107719
1997200041
2005103007
2020102592
2020105489
2020103001
2020102935
2020102798
2020102559
2020104748
2020103587
2020104791
2020106843
2019101797
1996106142
2020105550
2020106771
2018104015
2003105040
2020100997
1996103984
2001106397
2020105310
2000103989
1998101103
2004104389
2020102757
2020101872
2020103710
2018102733
2005102039
2020101766
2020105207
2019105538
2020102310
2020105325
2020102181
2019104520
2020101807
2020101184
2020103534
2020103642
2020101708
2020110026
2020101152
2020101286
2020106047
2020110075
2020103676
2019106153
1999110261
2020103274
2019103876
2003102580
2003103895
2018105956
2003101143
2020103614
2003101917
2001106002
2020104936
2019105267
2020103899
2020105055
2020102687
2020101327
1996107831
1997104431
1995102583
2019100522
1999104080
2016106340
2020104754
2004104791
2019106226
2020105796
1997102562
2005102490
2020100654
2020106763
2018105401
2020101850
2019103006
2019101985
2020100254
2019110120
2020103293
2018103477
2019100773
2004102590
1998102515
2010105091
2007105832
1994108310
2020102344
2020106561
2000105258
2018106480
1999105657
2020100304
2020104340
2003105939
2020104107
2019106702
2020106196
2002104318
2003104848
2020105733
2019103767
2020104570
2007104856
1999103490
2010104056
2006100164
1998102530
2020104758
2020101434
2020104354
2020102507
2020101697
2020103519
2020106475
2020100655
2020104750
2020103374
2016101009
2015103972
2005104879
2019101691
2020103403
1996106997
1995108640
2018104772
2019102293
1999101108
2001105870
2002101638
2019102219
2005100388
2020102795
2000103361
2020104772
2006106640
2000200039
2020102301
2002104649
2019102137
2020103619
1998104459
2020106166
2019110090
1996101346
1996100095
2019101340
2001103618
2020102741
2020105073
2020103209
2020102868
2019110061
2000105460
2009105499
2018101572
2020100516
2020100996
2020102568
2001106662
2000107380
2008106100
2004107306
2020107095
2000100051
1999104013
2020100619
1999100367
1999101405
2020103111
2020102843
1998105243
2015100664
2020102343
1998103673
1994105059
2020101026
2020101710
2020110035
2020103346
2020107168
2020105638
2019101833
2001101278
2020106261
2020100363
2009102063
2020105834
2020102526
2020105652
2020104744
2019102957
2019104533
2020102219
2020103009
2020104856
2002105842
2020104987
1998101000
1998190015
1999104431
2020103996
2020100677
2019106716
2020106982
2020100688
2020101803
2019104479
2020104980
2000101743
1995107700
2019104118
2015102321
2002100242
1999100273
2006100602
1997102569
1997106102
2006105127
2001105911
2020101777
2005105453
1998100832
2019104461
2020106321
2020103063
2020105613
2019101914
1996100926
2006105040
2015102113
2019105629
2020102077
2020101540
2002105529
1995101402
2002103433
2019103258
1996106828
2019106284
2002100450
2002102500
2020103865
2020101577
2019100911
2011105171
1997102810
2018101379
2018103198
1994102334
2007102301
2019104258
2000104539
2003109091
1997104897
1996101948
2020103285
2020103787
2020102805
2020100580
2020101632
2020102100
2019101685
2019105440
2020102641
2020103629
2020103370
2019104261
2020102229
2020105137
1998103308
2019104685
2020103794
2020102121
2020104301
2007103426
2020104731
2001100197
1999106426
1997104495
2018103486
1997104180
2017105277
1994200054
2008105354
2004101601
1995105492
2001104085
2008102349
2009105871
2001100635
1998101235
2020100237
2019103769
2020106819
2019102274
2020101029
2019106637
2020100784
2014109117
2020106899
2020106200
2020103529
2020103349
2020110147
2020110068
2020102834
2020103311
2020103120
2020103007
2020101556
2020110009
2020102681
2020103238
2018105248
2020105145
2019104579
2020103356
2020102646
2019102663
2020103503
2020100847
2020103522
2018104401
2020102232
2020101721
2020102640
2020101811
2020101575
2020100892
2020102156
2020104136
2020101403
2020103148
2020105730
2018104474
2020103455
2020101069
2019102525
2019105712
2020105533
2020102645
2020103121
2020101633
2020104661
2020104205
2020102959
2020106144
2020106973
2020104479
2020106488
2020104496
2020106697
2020104776
2020100272
2020100383
2020103436
2019105566
2020102120
2020103685
2020104207
2019105738
2020100172
2020105795
2020106661
2020103573
2020103682
2020101344
2019106629
2020105072
2020104675
2020102095
2020105813
2020105273
2020101598
2020102965
2018106897
2020100994
2019105713
2020101247
2019104493
2020102594
2019104514
2020100890
2019102714
2020103031
2020101635
2020101367
2020105645
2020105138
2020103578
2020105131
2020101820
2020110008
2019105105
2020104518
1996105788
1995104058
1998101731
1997100548
2020102824
2020103670
2007106719
2020100931
2020110069
1995104570
1996107927
2020104678
2020105635
2020103047
2020104983
2020103910
1999102516
2020101296
2018103117
1997105379
1997103996
2019106862
1997103139
2019103123
2018102859
2020103727
2020101597
2020107165
2020105388
2020103005
2018100562
2020102955
2006103790
2020110123
2020103425
1996105025
1997109250
2015103116
1997101935
2020103921
2020103094
1999100146
1998102331
2017101850
1996106643
2020101268
2000109313
1995104354
2006105276
2016101991
2007110070
2020106770
1995106228
2003103719
2001106282
1995101235
2020103625
1997104009
1999104818
2004102458
2001102300
2019104674
2020100629
2020100328
2020105884
2020106818
1995105708
1997103281
2000105477
2020104550
1995101888
2009102553
2019101684
2019105819
2003105524
1996109072
1996102343
1997107114
2006105616
2020100771
2019102568
2019105964
1998101852
1998104748
1999100471
2019105755
2020102024
2000104415
1996107415
2020102027
1997101832
2019103671
2018103512
1999102886
1998104828
2002106590
1997106191
2004105789
1998104660
2017102697
1995102585
2007101277
2019102178
2018106200
2018104598
1996104942
2019103311
2000107435
1996100660
1997106978
1998103209
1999101770
1998102620
2016101826
1996105637
2005104031
1996102599
1997104468
1995107603
1997200033
2020101574
2020106547
2020103525
2020102191
2020101195
2020101797
2020103509
2020102642
2020103505
2020104259
2020101341
2020101992
2020103955
2020102862
2020103599
1998106057
1999100948
1996103441
1996101782
1997100138
2003106701
2020104545
2019103953
1999103099
2006101709
2001104924
2019110055
2020104921
1997103190
1995102098
2000104860
1996104867
2020104920
1997105850
2019102062
1998102518
1996103796
2003105261
2019106307
1997106759
1996106926
1998106053
1999102887
2020106677
2020101553
1999103401
2020104346
2020105201
2020106121
2020104125
2020104913
2019101920
2019105116
2019103742
2020102797
2010102024
2003102012
2005100556
2000104190
2009102428
1995102045
1998103248
1999102936
2003100984
2019101887
2019106239
2009100166
1996102903
1999104447
2016105191
1997105862
1995107192
2013100766
2020106678
1996104002
2020103100
2005106290
2020104664
2020110151
2018106506
2020102323
2019101875
2020103517
2007105837
2015100080
2018104601
2002105119
1995106406
1999106383
1998100141
2018106865
2019101165
2019102282
2005104410
2020102956
1996102066
1999100375
1998104481
2020104160
2020110055
2020104840
2020104796
2020105649
2019110115
2018105305
2020103985
2020103673
2020103422
2019105647
2019103548
2007103157
2020100471
2020102934
2020103769
2020102049
2020103309
2019104632
