2019105480
2018105874
2019100566
2016104987
2019105229
2018106429
2002106848
2017106420
2020104239
2018105814
2014100566
1998109402
1999103080
2018106336
2018102021
2018101642
1991100394
2020102832
2018101033
2019106390
2019105413
2019104078
2006100608
2020102565
2016104462
2017101525
2019105046
2020110153
2017106588
2019105146
2018103121
2003104410
2019103197
2020103639
2017101791
2020100810
2018106451
2007104608
2019102758
2019105431
2019105340
2007104521
1995102630
2019102824
2019101874
2019105159
2017101060
2019103346
2016109066
2019105477
2016102801
1993100769
2018104929
2018104503
2001101869
2020105494
2019103040
2018100748
2018102131
2019106671
2014103705
2019100688
2018106354
2018101966
2019106821
2019102753
2019106691
2019106748
2018104592
2020103521
2015104047
2018105731
2019100072
2019106419
2018104558
2017100808
2019102856
2019102163
1996105445
2018105163
2018102917
2020103373
2019104826
2018105187
2018110117
2019102869
2019103562
2020103785
2017100614
2019100935
2018103388
2017105634
2020103499
2019102742
2020110133
2018105301
1997105907
2019107004
2020105794
2018103618
1997101594
2019105209
2018103861
2019101679
2017102084
2016102305
2020104194
2019102481
2017102758
2019103897
2019104842
2019100549
2019102041
2019100324
2018105311
2017106366
2019105485
2008100167
2019103726
1998109293
2000106138
2018105601
2018100097
2017103874
1999104388
2018106368
2018103368
2018105319
2018106464
2019103440
2017110006
2018110119
2020104954
2019105454
2019101261
1996106414
2018100976
2016103179
2016103386
2019106627
2018101032
2018103086
2008102572
2019100451
2015103867
2018101145
1999107488
2019106704
2018105647
2018105803
2018103035
2020102942
2020104702
1996100824
2018102148
2018105137
2020106015
2017101597
2019103100
2020103048
2008101010
2017103509
2018102062
2004100514
2014105315
2019103236
2003109093
2018101255
2018100390
2019101626
2016104103
1997100211
2019100622
2018105790
2019100808
2018105495
2019102593
2005104380
1996102167
1994108808
2013105959
1996102348
2019103148
2019102656
2018106357
2002109360
2017106038
2018101178
2018105711
2018101928
2007102547
2018104819
2019104769
2018102309
2018104317
2018105338
2018101946
2018104706
2017100922
2018105071
2019103584
2013106347
2017110178
2018101498
2018106259
2000105299
2020103634
1997102808
2019100835
2020104912
2018100593
1998102426
2020105732
2010105032
2007106000
2019103233
2019105060
1999107075
2019105108
2020104332
1997106255
2019101262
2018104322
2018104110
2019103064
2019101264
2017103788
2018105117
2009105503
2017104606
2019106742
2020102873
2002102651
2019105558
2018109052
2018110114
1998101855
2018104835
2017105628
2018104537
2017102195
2012104283
2019105358
1999101468
2020103262
2020110155
2019100604
2018106610
2019104602
2019102011
2000100972
2018104663
2015101804
2018101924
2019102585
1999103039
1995106477
2016106082
2017100660
2019101999
2004102733
2017104315
2020105574
2016102368
2017103607
2001105338
1995101573
2018100636
2019105141
2004104388
1994100602
2019105164
2018106448
2018104985
1998106223
2018106602
2017103575
2016102640
2001106947
2018103755
2018102956
2019105754
2019104260
2018106270
2007101983
2005103897
2019105171
2019105628
2016101058
2020104484
2019103133
2018105336
2018101742
2014101483
1999103488
1997102790
2018102077
2019104729
2018103993
2018103087
2018104938
2019106870
2017104262
2016102372
2018105460
2019106925
2019105808
2019100652
2019104303
2018101232
2018102215
2017104234
2019105091
2017104128
2002103840
2017101767
1997102498
2016100742
2018103079
2018104333
1999106392
2020103496
2018103018
2016101450
2017100416
2019106097
2018105159
2019104715
2018103024
1994106854
2010102758
2019104839
2020103892
2017101722
2019104192
1996103943
2019104010
2018103498
2018106492
2019105264
2019100284
2018100995
2019101464
2018104379
2015105440
2019105391
2019101002
2018102551
1997105886
2019101529
2016102966
1998101305
2018101006
1995106460
2000106484
1996101016
1995102580
2019100938
1999102411
2019105050
2016106582
2019103902
2019104930
2019100723
2017104086
2017101763
2018104732
2018101007
2018103005
2005102751
2015103718
2018102989
2018100247
2017101591
2014102468
1998104186
2019103360
2017105448
2019104929
2018105462
2019105637
2020100435
2002104650
2019100675
2019101270
2018102669
2020104760
2019102983
2019105568
2019103430
2010101769
2019110064
1997103917
1998103558
2019101811
2016103099
2019105336
2001104676
2019103442
1993107766
2018103377
2003190012
2003103705
2012102257
1998103782
2018102417
2017103497
2018101497
2019104767
2016105723
2018103473
2019102505
2019104838
2018101371
2018104711
2018101462
2019103099
2015105419
2019102628
2001105980
